25
20
46
34
74
95
70
15
94
23
95
77
66
92
33
29
12
4
42
91
26
48
69
23
61
36
30
96
9
82
35
82
10
94
31
86
85
76
80
32
29
34
13
45
9
80
70
83
66
70
73
10
71
47
61
72
77
5
32
89
74
8
43
70
62
4
31
20
24
70
89
26
47
10
49
32
8
33
15
70
25
18
50
29
60
46
71
4
14
85
56
67
56
80
9
1
28
86
8
25
49
75
43
68
56
64
48
14
63
24
95
55
60
31
40
52
39
46
92
14
57
88
72
70
81
81
52
16
97
32
51
55
50
50
89
68
65
26
43
87
54
31
34
65
19
67
62
23
87
54
82
3
41
50
65
11
3
95
29
79
92
78
92
68
66
60
20
55
46
44
0
51
89
74
93
61
95
80
27
50
91
42
76
51
91
3
19
8
48
10
15
77
42
3
75
75
84
64
18
4
10
92
55
15
44
12
63
47
36
55
8
34
97
47
30
97
51
55
37
83
66
72
86
87
18
13
27
8
70
23
65
45
34
65
86
78
79
25
80
26
77
48
61
49
36
17
80
86
43
86
73
23
99
90
58
89
33
79
33
32
99
52
32
6
25
39
95
92
70
98
88
95
99
75
9
53
99
54
3
29
18
51
33
12
62
50
39
42
71
8
5
1
14
3
4
57
95
25
99
61
33
22
16
41
45
20
38
89
80
24
14
99
42
12
6
26
86
31
78
3
62
77
91
1
25
97
19
16
82
77
82
41
17
73
23
66
68
99
18
89
10
75
14
52
11
59
92
33
33
30
66
76
57
87
22
6
35
65
52
19
55
89
39
49
16
92
29
72
59
20
22
22
69
50
6
64
66
73
18
30
18
26
16
28
78
80
4
18
80
55
67
8
49
22
44
23
31
50
90
75
67
14
9
98
93
5
33
46
27
23
21
15
93
19
14
60
30
1
67
8
68
48
1
65
5
49
15
33
26
60
99
29
71
15
37
87
42
64
82
39
81
55
33
14
5
58
42
88
92
42
8
0
91
80
17
26
6
20
29
46
46
65
15
60
24
97
60
48
76
37
34
78
93
70
14
74
68
27
79
55
4
43
46
11
5
78
55
93
22
68
14
94
73
2
3
92
73
25
11
49
99
57
71
76
6
40
20
15
77
40
58
98
99
80
63
19
94
6
95
20
33
80
25
41
4
13
69
74
67
60
42
82
35
58
96
45
32
1
22
69
72
31
22
4
25
48
49
54
34
76
54
95
24
6
83
59
68
37
75
22
46
12
69
39
92
59
18
80
77
60
21
57
89
60
15
99
13
53
9
99
49
57
51
7
6
25
37
49
27
16
96
40
41
14
39
48
66
25
67
70
42
63
45
97
80
6
33
8
72
21
51
26
67
57
78
96
12
1
56
65
31
10
41
51
32
50
5
22
9
7
49
39
82
25
54
19
61
33
25
6
9
82
38
51
60
7
64
90
62
61
99
57
6
43
89
8
16
80
67
0
49
42
99
7
22
21
80
62
8
50
66
99
1
22
88
2
52
63
96
92
99
59
24
36
10
48
80
10
65
40
17
21
30
92
18
65
49
52
10
2
25
24
16
20
39
54
23
12
51
9
46
31
64
37
69
22
37
44
70
34
50
29
10
87
48
48
97
57
37
11
77
87
28
0
31
36
8
11
60
35
86
30
46
74
24
56
32
75
9
72
92
8
63
73
92
50
4
96
96
41
62
16
73
54
33
25
20
97
48
7
70
45
31
86
33
55
39
4
5
84
53
51
17
24
14
74
25
36
52
28
55
67
69
68
26
25
76
31
2
8
18
15
67
21
43
8
10
0
3
25
22
63
28
38
97
85
88
98
10
10
73
12
91
95
81
55
3
22
73
59
45
88
54
70
17
99
78
84
61
93
85
39
53
50
20
32
52
68
68
79
86
69
44
33
94
15
3
77
29
84
25
48
86
51
61
94
77
59
61
87
71
75
84
62
67
88
20
13
15
56
51
70
67
60
67
15
67
69
11
42
76
55
6
27
44
30
3
74
59
6
90
80
87
66
65
34
88
45
59
22
45
30
28
75
75
55
63
4
35
69
60
13
16
55
33
7
99
72
35
33
59
46
59
3
1
57
7
91
72
53
7
90
90
42
60
98
47
30
65
98
80
65
10
24
49
24
54
32
99
66
73
57
28
81
94
65
73
2
92
44
74
73
55
98
83
95
10
99
55
61
19
17
33
15
51
66
42
30
86
27
73
52
62
88
11
62
24
89
60
22
